1111111111111111111111111111111111111111111111111111111111111111111111
1111111111111111111111111111111111111111111111111111111111111111111111
1111111111111111111111111111111111111111118881111111111111111111111111
1111111111111111111111111111111111111111188881111111111111111111111111
1111111111111111111111111111111111111111188881111111111111111111111111
1111111111111111111111111111111111111111188881111111111111111111111111
1111111111111111111111111111111111111111188811111111111111111111111111
1111111111111111111111111111111111111111888811111111111111111111111111
1111111111111111111111111111111111111118888811111111111111111111111111
1111111111111111111111111111111111111188888811111111888111111111111111
1111111111111111111111111111111111111188888811111118888881111111111111
1111111111111111111111111111111111111888888811111888888888811111111111
1111111111111111111111111111111111111888888881111888888888888111111111
1111111111111111111111111111111111111888888888888888888888888811111111
1111111111111111111111111111111111111888888888888888888888888881111111
1111111111111111111111111111111111111888888888888888888888888811111111
1111111111111111111111111111111111118888888888888888881111111111111111
1111111111111111111111888888888888888888888888888888881111111111111111
1111111111111111188888888888888888888888888888888888881111111111111111
1111111111111188888888888888885888888888888888888888811111111111111111
1111118111118888888888888888888888888888888888888888811111111111111111
1111118811188888881888888888888888888888888888888888111111111111111111
1111118888888888111888888888888888888888888888888888111111111111111111
1111118888888881111188888888888888888888888888888881111111111111111111
1111111888888811111188888888888888888888888888888811111111111111111111
1111111188811111111118888888888888888888888888888111111111111111111111
1111111111111111888888888888888888888888888888888111111111111111111111
1111111111111111888888888888118888888888888888888111111111111111111111
1111111111111111888888888881111888888888888888888111111111111111111111
1111111111111111818888881111111111188888888888881111111111111111111111
1111111111111111811881111111111111111111188888811111111111111111111111
1111111111111118811188111111111111111111188881111111111111111111111111
1111111111111118811188811111111111111111188811111111111111111111111111
1111111111111118811118881111111111111111188111111111111111111111111111
1111111111111118811111888111111188111111888111111111111111111111111111
1111111111111188111111188111111188888111881111111111111111111111111111
1111111111111881111111188111111111888888881111111111111111111111111111
1111111111111111111111188111111111111888811111111111111111111111111111
1111111111111111111111111111111111111118811111111111111111111111111111
1111111111111111111111111111111111111118811111111111111111111111111111
1111111111111111111111111111111111111118811111111111111111111111111111
1111111111111111111111111111111111111118881111111111111111111111111111
1111111111111111111111111111111111111111888111111111111111111111111111

1111111111111111111111111111111111111111111111111111111111111111111111
1111111111111111111111111111111111111111111111111111111111111111111111
1111111111111111111111111111111111111111118881111111111111111111111111
1111111111111111111111111111111111111111188888111111111111111111111111
1111111111111111111111111111111111111111118888111111111111111111111111
1111111111111111111111111111111111111111118888111111111111111111111111
1111111111111111111111111111111111111111118881111111111111111111111111
1111111111111111111111111111111111111111188881111111111111111111111111
1111111111111111111111111111111111111111888881111118811111111111111111
1111111111111111111111111111111111111118888881111188888811111111111111
1111111111111111111111111111111111111188888811118888888881111111111111
1111111111111111111111111111111111111188888811111888888888811111111111
1111111111111111111111111111111111111188888811118888888888881111111111
1111111111111111111111111111111111111888888887188888888888888111111111
1111111111111111111111111111111111111888888888888888888888888811111111
1111111111111111111111111111111111111888888888888888888888888811111111
1111111111111111111111111118811111111888888888888888811111188111111111
1111111111111111111111118888888888888888888888888888811111111111111111
1111111111111111111111188888888888888888888888888888811111111111111111
1111111111111111111888888888888888888888888888888888111111111111111111
1111111111111118888888888888888888888888888888888888111111111111111111
1111111111118888888888888888888888888888888888888888111111111111111111
1111118811888888881188888888888888888888888888888881111111111111111111
1111188888888888111188888888888888888888888888888881111111111111111111
1111188888888881111188888888888888888888888888888811111111111111111111
1111118888888111111118888888888888888888888888888811111111111111111111
1111111888881111111111888888888888888888888888888111111111111111111111
1111111118111111111111188888888888888888888888888111111111111111111111
1111111111111111111111888888888111888888888888881111111111111111111111
1111111111111111111118888888881111111188888888881111111111111111111111
1111111111111111111188888118881111111111888888881111111111111111111111
1111111111111111111118888118881111111111888818888111111111111111111111
1111111111111111111111888818881111111111888111188811111111111111111111
1111111111111111111111118888888111111111888111188811111111111111111111
1111111111111111111111111188888888111118888888888811111111111111111111
1111111111111111111111111118811188811188818888881111111111111111111111
1111111111111111111111111188811118888888111111111111111111111111111111
1111111111111111111111111118818888888888111111111111111111111111111111
1111111111111111111111111111118888881111111111111111111111111111111111
1111111111111111111111111111111111111111111111111111111111111111111111
1111111111111111111111111111111111111111111111111111111111111111111111
1111111111111111111111111111111111111111111111111111111111111111111111
1111111111111111111111111111111111111111111111111111111111111111111111

1111111111111111111111111111111111111111111111111111111111111111111111
1111111111111111111111111111111111111111111111111111111111111111111111
1111111111111111111111111111111111111111118888111111111111111111111111
1111111111111111111111111111111111111111118888111111111111111111111111
1111111111111111111111111111111111111111118888111111111111111111111111
1111111111111111111111111111111111111111118888111111111111111111111111
1111111111111111111111111111111111111111188881111111111111111111111111
1111111111111111111111111111111111111111888811111111111111111111111111
1111111111111111111111111111111111111118888811111118811111111111111111
1111111111111111111111111111111111111188888811111118888111111111111111
1111111111111111111111111111111111111888888811111888888811111111111111
1111111111111111111111111111111111111188888111118888888888111111111111
1111111111111111111111111111111111111888888111188888888888881111111111
1111111111111111111111111111111111111888888881188888888888888111111111
1111111111111111111111111111111111115888888888888888888888888811111111
1111111111111111111111111111111111111888888888888888888888888811111111
1111111111111111111111111888888111111888888888888888881118888111111111
1111111111111111111111118888888888888888888888888888811111111111111111
1111111111111111111111888888888888888888888888888888811111111111111111
1111111111111111111888888888888888888888888888888888111111111111111111
1111111111111118888888888888888888888888888888888888111111111111111111
1111111111111888888888888888888888888888888888888881111111111111111111
1111111111188888888818888888888888888888888888888881111111111111111111
1111118811888888888118888888888888888888888888888881111111111111111111
1111118888888811111118888888888888888888888888888811111111111111111111
1111118888881111111111888888888888888888888888888811111111111111111111
1111118888811111111111118888888888888888888888888811111111111111111111
1111111181111111111111111188888888888888888888888811111111111111111111
1111111111111111111111111188888818888888888888888881111111111111111111
1111111111111111111111111188888811118888888888888888111111111111111111
1111111111111111111111111888888811111111888888888888811111111111111111
1111111111111111111111118888118881111111188811111188811111111111111111
1111111111111111111111118888888888111111188811111118811111111111111111
1111111111111111111111111111888888811111188811111888111111111111111111
1111111111111111111111111111111888888111188118888881111111111111111111
1111111111111111111111111111111188888888888118888811111111111111111111
1111111111111111111111111111111111118888888111111111111111111111111111
1111111111111111111111111111111111111111111111111111111111111111111111
1111111111111111111111111111111111111111111111111111111111111111111111
1111111111111111111111111111111111111111111111111111111111111111111111
1111111111111111111111111111111111111111111111111111111111111111111111
1111111111111111111111111111111111111111111111111111111111111111111111
1111111111111111111111111111111111111111111111111111111111111111111111

1111111111111111111111111111111111111111111111111111111111111111111111
1111111111111111111111111111111111111111111111111111111111111111111111
1111111111111111111111111111111111111111111111111111111111111111111111
1111111111111111111111111111111111111111118881111111111111111111111111
1111111111111111111111111111111111111111188888111111111111111111111111
1111111111111111111111111111111111111111188888111111111111111111111111
1111111111111111111111111111111111111111118888111111111111111111111111
1111111111111111111111111111111111111111888881111111111111111111111111
1111111111111111111111111111111111111118888811111111111111111111111111
1111111111111111111111111111111111111188888811111111111111111111111111
1111111111111111111111111111111111111888888811111118811111111111111111
1111111111111111111111111111111111111888888111111888888811111111111111
1111111111111111111111111111111111111888888111118888888881111111111111
1111111111111111111111111111111111118888888111188888888888111111111111
1111111111111111111111111111111111118888888811888888888888811111111111
1111111111111111111111111111111111118888888888888888888888881111111111
1111111111111111111111111111111111118888888888888888888888888111111111
1111111111111111111111111888111111111888888088888888811188888811111111
1111111111111111111111188888888888888888888888888888111111881111111111
1111111111111111111111888888888888888888888888888888111111111111111111
1111111111111111188888888888888888888888888888888881111111111111111111
1111111111188888888888888888888888888888888888888881111111111111111111
1111111111188888888888888888888888888888888888888881111111111111111111
1111111111888888888118888888888888888888888888888811111111111111111111
1111111188888811881118888888888888888888888888888811111111111111111111
1111188888881111111118888888888888888888888888888811111111111111111111
1111188888811111111118888888888888888888888888888111111111111111111111
1111118888111111111111888888888888888888888888888888811111111111111111
1111111811111111111111118888888888888888888888888888888111111111111111
1111111111111111111111111888888888888888888888888888888111111111111111
1111111111111111111111111188888811888888888888881111188111111111111111
1111111111111111111111111118888811111111111188888111118111111111111111
1111111111111111111111111111888881111111111111888811118111111111111111
1111111111111111111111111111888888888111118811188811118811111111111111
1111111111111111111111111111888818888881111888888111118811111111111111
1111111111111111111111111111888811111888811888811111188111111111111111
1111111111111111111111111111188811111118811111111111118111111111111111
1111111111111111111111111111118881111111111111111111111111111111111111
1111111111111111111111111111111888111111111111111111111111111111111111
1111111111111111111111111111111118881111111111111111111111111111111111
1111111111111111111111111111111118888111111111111111111111111111111111
1111111111111111111111111111111111188811111111111111111111111111111111
1111111111111111111111111111111111118881111111111111111111111111111111

1111111111111111111111111111111111111111111111111111111111111111111111
1111111111111111111111111111111111111111111111111111111111111111111111
1111111111111111111111111111111111111111111111111111111111111111111111
1111111111111111111111111111111111111171111111111111111111111111111111
1111111111111111111111111111111111111111118881111111111111111111111111
1111111111111111111111111111111111111111188888111111111111111111111111
1111111111111111111111111111111111111111118888111111111111111111111111
1111111111111111111111111111111111111111118888111111111111111111111111
1111111111111111111111111111111111111111188881111111111111111111111111
1111111111111111111111111111111111111118888811111111111111111111111111
1111111111111111111111111111111111111188888811111111111111111111111111
1111111111111111111111111111111111111188888811111111888111111111111111
1111111111111111111111111111111111111888888111111888888811111111111111
1111111111111111111111111111111111118888888111118888888888111111111111
1111111111111111111111111111111111118888888811118888888888811111111111
1111111111111111111111111111111111118888888881188888888888881111111111
1111111111111111111111111111111111118888888888888888888888888111111111
1111111111111111111111111111111111118888888888888888888888888811111111
1111111111111111111111111888881118118888888888888888811188888811111111
1111111111111111111111188888888888888888888888888888111111188111111111
1111111111111111111188888888888888888888888888888888111111111111111111
1111111111188888888888888888888888888888888888888881111111111111111111
1111111111888888888888888888888888888888888888888881111111111111111111
1111111188888888881188888888888888888888888888888811111111111111111111
1111111888888811111188888888888888888888888888888811111111111111111111
1111111188881111111188888888888888888888888888888811111111111111111111
1111111888811111111118888888888888888888888888888811111111111111111111
1111111888111111111118888888888888888888888888888888111111111111111111
1111188811111111111111888888888888888888888888888888888111111111111111
1111188111111111111111888888888888888888888888888888888111111111111111
1111111111111111111111188888888888888888888888888888888811111111111111
1111111111111111111111188881118881111111111111111118818888111111111111
1111111111111111111111188811118881111111111111111188111188811111111111
1111111111111111111111888811111888111111111111111181111118881111111111
1111111111111111111111888811111188811111111111188881111111888111111111
1111111111111111111118888111111111888111111111188811111111188111111111
1111111111111111111118881111111111188888111111111111111111118111111111
1111111111111111111111881111111111111888888111111111111111111111111111
1111111111111111111111888111111111111111881111111111111111111111111111
1111111111111111111111188111111111111111111111111111111111111111111111
1111111111111111111111188811111111111111111111111111111111111111111111
1111111111111111111111118888111111111111111111111111111111111111111111
1111111111111111111111118888811111111111111111111111111111111111111111

1111111111111111111111111111111111111111111111111111111111111111111111
1111111111111111111111111111111111111111111111111111111111111111111111
1111111111111111111111111111111111111111111111111111111111111111111111
1111111111111111111111111111111111111111111111111111111111111111111111
1111111111111111111111111111111111111111111111111111111111111111111111
1111111111111111111111111111111111111111111111111111111111111111111111
1111111111111111111111111111111111111111888811111111111111111111111111
1111111111111111111111111111111111111111888811111111111111111111111111
1111111111111111111111111111111111111111888811111111111111111111111111
1111111111111111111111111111111111111111888811111111111111111111111111
1111111111111111111111111111111111111188881111111111111111111111111111
1111111111111111111111111111111111111888881111111111111111111111111111
1111111111111111111111111111111111118888881111111111111111111111111111
1111111111111111111111111111111111188888811111111188881111111111111111
1111111111111111111111111111111111188888811111111888888811111111111111
1111111111111111111111111111111111188808881111188888888881111111111111
1111111111111111111111111111111111188888888818888888888881111111111111
1111111111111111111111111111111111888888888888888888888888111111111111
1111111111111111111111111111111111888888888888888888888888811111111111
1111111111111111111111111111111111188888888888888888888888881111111111
1111111111111111111111188888881188888888888888888881111888881111111111
1111111111111111111188888888888888888888888888888881111118881111111111
1111111111188888888888888888888888888888888888888811111111111111111111
1111111118888888888888888888888888888888888888888811111111111111111111
1111118888888888111888888888888888888888888888888111111111111111111111
1111111888881111118888888888888888888888888888881111111111111111111111
1111118888111111118888888888888888888888888888881111111111111111111111
1111188881111111118888888888888888888888888888888111111111111111111111
1111188811111111118888888888888888888888888888888888811111111111111111
1111188111111111111888888888888888888888888888888888881111111111111111
1111111111111111111888888888118888888888888888888881881111111111111111
1111111111111111118888888888111111188888888111188888881111111111111111
1111111111111111188888118888111111111111111111111888881111111111111111
1111111111111118888811111888111111111111111111111118888111111111111111
1111111111111188888111111888111111111111111111111111888811111111111111
1111111111111188881111111888111111111111111111111118888888111111111111
1111111111111188111111111888111111111111111111111118811188888811111111
1111111111111188111111111188811111111111111111111111111118888811111111
1111111111111881111111111118811111111111111111111111111111111111111111
1111111111111881111111111118881111111111111111111111111111111111111111
1111111111118881111111111111888111111111111111111111111111111111111111
1111111111111888111111111111188881111111111111111111111111111111111111
1111111111111188811111111111188888111111111111111111111111111111111111

1111111111111111111111111111111111111111111111111111111111111111111111
1111111111111111111111111111111111111111111111111111111111111111111111
1111111111111111111111111111111111111111111111111111111111111111111111
1111111111111111111111111111111111111111111111111111111111111111111111
1111111111111111111111111111111111111111111111111111111111111111111111
1111111111111111111111111111111111111111111111111111111111111111111111
1111111111111111111111111111111111111111111111111111111111111111111111
1111111111111111111111111111111111111111111811111111111111111111111111
1111111111111111111111111111111111111111188881111111111111111111111111
1111111111111111111111111111111111111111188881111111111111111111111111
1111111111111111111111111111111111111111118881111111111111111111111111
1111111111111111111111111111111111111111888811111111111111111111111111
1111111111111111111111111111111111111118888811111111111111111111111111
1111111111111111111111111111111111111188888811111111111111111111111111
1111111111111111111111111111111111111888888111111111181111111111111111
1111111111111111111111111111111111111888888111111118888811111111111111
1111111111111111111111111111111111118888888811111888888881111111111111
1111111111111111111111111111111111118888888881188888888888111111111111
1111111111111111111111111111111111118888888888888888888888811111111111
1111111111111111111111111111111111118888888888888888888888881111111111
1111111111111111111111111111111111118888888888888888888888981111111111
1111111111111111111111118888811111118888888888888888811888888111111111
1111111111111111118888888888888888888888888888888888111111888111111111
1111111111111118888888888888888888888888888888888881111111111111111111
1111111111888888888818888888888888888888888888888811111111111111111111
1111111188888888881188888888888888888888888888888811111111111111111111
1111118888888811111188888888888888888888888888888811111111111111111111
1111118888811111111188888888888888888888888888888111111111111111111111
1111111111111111111188888888888888888888888888888811111111111111111111
1111111111111111111888888888888888888888888888888881111111111111111111
1111111111111111118888888888888888888888888888888888888111111111111111
1111111111111111188888888811111118888888888888888888888811111111111111
1111111111111118888888881111111111111118881111888811118888111111111111
1111111111111188881188811111111111111111111111188811111188811111111111
1111111111111888118888111111111111111111111111118881111118881111111111
1111111111118881118881111111111111111111111111111881111111188111111111
1111111111888111118811111111111111111111111111111188111111188811111111
1111111888881111118811111111111111111111111111111188811111111111111111
1111118888811111118811111111111111111111111111111118881111111111111111
1111111111111111118811111111111111111111111111111111881111111111111111
1111111111111111188811111111111111111111111111111111188111111111111111
1111111111111111188881111111111111111111111111111111188881111111111111
1111111111111111118888111111111111111111111111111111111881111111111111

1111111111111111111111111111111111111111111111111111111111111111111111
1111111111111111111111111111111111111111111111111111111111111111111111
1111111111111111111111111111111111111111111111111111111111111111111111
1111111111111111111111111111111111111111111111111111111111111111111111
1111111111111111111111111111111111111111111111111111111111111111111111
1111111111111111111111111111111111111111111111111111111111111111111111
1111111111111111111111111111111111111111111111111111111111111111111111
1111111111111111111111111111111111111111111811111111111111111111111111
1111111111111111111111111111111111111111188881111111111111111111111111
1111111111111111111111111111111111111111188881111111111111111111111111
1111111111111111111111111111111111111111118881111111111111111111111111
1111111111111111111111111111111111111111888811111111111111111111111111
1111111111111111111111111111111111111118888811111111111111111111111111
1111111111111111111111111111111111111188888811111111111111111111111111
1111111111111111111111111111111111111888888111111111181111111111111111
1111111111111111111111111111111111111888888111111118888811111111111111
1111111111111111111111111111111111118888888811111888888881111111111111
1111111111111111111111111111111111118888888881188888888888111111111111
1111111111111111111111111111111111118888888888888888888888811111111111
1111111111111111111111111111111111118888888888888888888888881111111111
1111111111111111111111111111111111118888888888888888888888981111111111
1111111111111111111111118888811111118888888888888888811888888111111111
1111111111111111118888888888888888888888888888888888111111888111111111
1111111111111118888888888888888888888888888888888881111111111111111111
1111111111888888888818888888888888888888888888888811111111111111111111
1111111188888888881188888888888888888888888888888811111111111111111111
1111118888888811111188888888888888888888888888888811111111111111111111
1111118888811111111188888888888888888888888888888111111111111111111111
1111111111111111111188888888888888888888888888888811111111111111111111
1111111111111111111888888888888888888888888888888881111111111111111111
1111111111111111118888888888888888888888888888888888888111111111111111
1111111111111111188888888811111118888888888888888888888811111111111111
1111111111111118888888881111111111111118881111888811118888111111111111
1111111111111188881188811111111111111111111111188811111188811111111111
1111111111111888118888111111111111111111111111118881111118881111111111
1111111111118881118881111111111111111111111111111881111111188111111111
1111111111888111118811111111111111111111111111111188111111188811111111
1111111888881111118811111111111111111111111111111188811111111111111111
1111118888811111118811111111111111111111111111111118881111111111111111
1111111111111111118811111111111111111111111111111111881111111111111111
1111111111111111188811111111111111111111111111111111188111111111111111
1111111111111111188881111111111111111111111111111111188881111111111111
1111111111111111118888111111111111111111111111111111111881111111111111

1111111111111111111111111111111111111111111111111111111111111111111111
1111111111111111111111111111111111111111111111111111111111111111111111
1111111111111111111111111111111111111111111111111111111111111111111111
1111111111111111111111111111111111111111111111111111111111111111111111
1111111111111111111111111111111111111111111111111111111111111111111111
1111111111111111111111111111111111111111111111111111111111111111111111
1111111111111111111111111111111111111111888111111111111111111111111111
1111111111111111111111111111111111111118888811111111111111111111111111
1111111111111111111111111111111111111111888811111111111111111111111111
1111111111111111111111111111111111111111888111111111111111111111111111
1111111111111111111111111111111111111188881111111111111111111111111111
1111111111111111111111111111111111111888888111111111111111111111111111
1111111111111111111111111111111111111888881111111111111111111111111111
1111111111111111111111111111111111118888881111111111888111111111111111
1111111111111111111111111111111111118888881111111188888881111111111111
1111111111111111111111111111111111118888888111111888888881111111111111
1111111111111111111111111111111111188888888881188888888888111111111111
1111111111111111111111111111111111188888888888888888888888811111111111
1111111111111111111111111111111111188888888888888888888888881111111111
1111111111111111111111111111111111188888888888888888888888888111111111
1111111111111111111888888888881111888888888888888888811188888811111111
1111118111111111888888888888888888888888888888888888811111888811111111
1111188888811188888888888888888888888888888888888888111111111111111111
1111118888888888811188888888888888888888888888888881111111111111111111
1111111888888888111888888888888888888888888888888881111111111111111111
1111111188888881111888888888888888888888888888888811111111111111111111
1111111111111111111888888888888888888888888888888111111111111111111111
1111111111111111111888888888888888888888888888888111111111111111111111
1111111111111118888888888888888888888888888888888111111111111111111111
1111111111111188888888888811188888888888888888888111111111111111111111
1111111111111888888888888111111888888888888888888811111111111111111111
1111111111118888888881111111111111888888888888888881111111111111111111
1111111111118888881111111111111111111111888111118888111111111111111111
1111111188888888111111111111111111111118881111111888111111111111111111
1111118888888111111111111111111111111118881111111188881111111111111111
1111118888811111111111111111111111111188811111111111888111111111111111
1111111111111111111111111111111111111188111111111111188111111111111111
1111111111111111111111111111111111111881111111111111118881111111111111
1111111111111111111111111111711111111881111111111111111888111111111111
1111111111111111111111111111111111118811111111111111111188888111111111
1111111111111111111111111111111111118811111111111111111111888111111111
1111111111111111111111111111111111118881111111111111111111111111111111
1111111111111111111111111111111111111888111111111111111111111111111111


1111111111111111111111111111111111111111111111111111111111111111111111
1111111111111111111111111111111111111111111111111111111111111111111111
1111111111111111111111111111111111111111111111111111111111111111111111
1111111111111111111111111111111111111111111111111111111111111111111111
1111111111111111111111111111111111111111188111111111111111111111111111
1111111111111111111111111111111111111118888811111111111111111111111111
1111111111111111111111111111111111111118888811111111111111111111111111
1111111111111111111111111111111111111111888811111111111111111111111111
1111117111111111111111111111111111111111888111111111111111111111111111
1111111111111111111111111111111111111118888111111111111111111111111111
1111111111111111111111111111111111111188881111111111111111111111111111
1111111111111111111111111111111111111888881111111111881111111111111111
1111111111111111111111111111111111118888881111111118888811111111111111
1111111111111111111111111111111111118888881111111888888881111111111111
1111111111111111111111111111111111118888888111111888888888111111111111
1111111111111111111111111111111111188888888881188888888888811111111111
1111111111111111111111111111111111188888888888888888888888888111111111
1111111111111111111111111111111111118888888888888888888888888811111111
1111111111111111111111888888111111888888888888888888811188888811111111
1111111111111111118888888888888888888888888888888888811111888111111111
1111118111111188888888888888888888888888888888888888111111111111111111
1111188888888888888888888888888888888888888888888888111111111111111111
1111118888888888881888888888888888888888888888888881111111111111111111
1111111888888888111888888888888888888888888888888881111111111111111111
1111111888888881111888888888888888888888888888888811111111111111111111
1111111188888111111888888888888888888888888888888111111111111111111111
1111111111111111111188888888888888888888888888888111111111111111111111
1111111111111118888888888888888888888888888888888111111111111111111111
1111111111111188888888888888888888888888888888881111111111111111111111
1111111111111188888888888811118888888888888888811111111111111111111111
1111111111111888888888881111111188888888888888811111111111111111111111
1111111111118881188111111111111111111118888888111111111111111111111111
1111111111118811118811111111111111111188888888111111111111111111111111
1111111118888111118811111111111111111188888881111111111111111111111111
1111111188881111118811111111111111111888818881111111111111111111111111
1111111111111111188811111111111111111888111881111111111111111111111111
1111111111111111188111111111111111118881111881111111111111111111111111
1111111111111111111111111111188888888881111881111111111111111111111111
1111111111111111111111111111188888888811111881111111111111111111111111
1111111111111111111111111111111111111111111881111111111111111111111111
1111111111111111111111111111111111111111111188111111111111111111111111
1111111111111111111111111111111111111111111188811111111111111111111111
1111111111111111111111111111111111111111111188888111111111111111111111

1111111111111111111111111111111111111111111111111111111111111111111111
1111111111111111111111111111111111111111111111111111111111111111111111
1111111111111111111111111111111111111111111111111111111111111111111111
1111111111111111111111111111111111111111118811111111111111111111111111
1111111111111111111111111111111111111111888881111111111111111111111111
1111111111111111111111111111111111111111888881111111111111111111111111
1111111111111111111111111111111111111111188881111111111111111111111111
1111111111111111111111111111111111111111888811111111111111111111111111
1111111111111111111111111111111111111118888111111111111111111111111111
1111111111111111111111111111111111111188888811111111111111111111111111
1111111111111111111111111111111111111888888111111118888111111111111111
1111111111111111111111111111111111118888888111111188888881111111111111
1111111111111111111111111111111111118888888111118888888888111111111111
1111111111111111111111111111111111118888888111118888888888811111111111
1111111111111111111111111111111111188888888811188888888888881111111111
1111111111111111111111111111111111188888888888888888888888888111111111
1111111111111111111111111111111111188888888888888888888888888811111111
1111111111111111111111111881111111118888888888888888881118888811111111
1111111111111111111111188888888888888888888888888888811111111111111111
1111111111188111111888888888888888888888888888888888811111111111111111
1111118888888888888888888888888888888888888888888888111111111111111111
1111118888888888888888888888888888888888888888888888111111111111111111
1111188888888888888188888888888888888888888880888881111111111111111111
1111118888888888811188888888888888888888888888888881111111111111111111
1111111888888888111188888888888888888888888888888811111111111111111111
1111111888881111111188888888888888888888888888888111111111111111111111
1111111111111111111118888888888888888888888888888111111111111111111111
1111111111111111111118888888888888888888888888888111111111111111111111
1111111111111111118888888888888888888888888888888111111111111111111111
1111111111111111188888888881111118888888888888881111111111111111111111
1111111111111111118881188881111111111888888888811111111111111111111111
1111111111111111111888888811111111111118888881111111111111111111111111
1111111111111111111188888811111111111188888881111111111111111111111111
1111111111111111111118888888111111188888818881111111111111111111111111
1111111111111111111118811188881111188888118811111111111111111111111111
1111111111111111111118811111888111118888888881111111111111111111111111
1111111111111111111118811111888111188818888811111111111111111111111111
1111111111111111111111811111888111188111111111111111111111111111111111
1111111111111111111111111111111118881111111111111111111111111111111111
1111111111111111111111111111111188811111111111111111111111111111111111
1111111111111111111111111111111188111111111111111111111111111111111111
1111111111111111111111111111111188111111111111111111111111111111111111
1111111111111111111111111111111188811111111111111111111111111111111111
